# Intera CONFIG register writes for node 0 (hw 0x00), from boot captures of the original robot
# module reg size value
05 00 2 1288
05 01 2 0
05 02 4 1
05 1b 4 -25631134
05 1c 2 1
05 1d 4 -1286
05 32 2 0
05 4b 4 2547
05 4c 4 20
05 4d 4 -644504403
05 4e 2 0
05 4f 4 13677
11 01 4 0
11 02 4 0
11 03 4 0
11 09 4 1024
11 0a 4 0
11 0b 4 1024000000
11 0c 4 0
11 0d 4 100000
11 29 2 1
11 3c 4 1024
11 3d 4 0
11 3e 4 0
11 3f 4 0
11 46 4 0
11 47 4 0
11 48 4 0
11 49 4 0
11 55 4 0
11 56 4 0
11 57 4 0
11 58 4 2000
11 59 4 -2000
11 5f 2 0
11 60 4 20480
11 65 4 -600
11 66 4 0
11 67 4 -2048
11 6d 4 -70
11 6e 4 0
11 6f 4 90000
11 70 4 0
11 71 4 768000
11 77 4 3052
11 78 4 85000
11 79 4 -85000
11 7a 4 1
11 7b 4 12000
11 7c 2 1
11 7d 2 100
11 7e 2 0
11 7f 2 0
11 80 4 -644504403
11 8c 4 -512
11 99 4 17213423
11 9a 2 16
11 9b 4 10804527
11 9c 4 0
11 9d 4 0
11 a2 4 0
11 a3 4 0
11 a4 4 0
11 a5 4 300
11 a6 4 -300
11 a7 4 1067299373
11 b2 2 -1
11 b3 2 200
11 b4 4 429496730
11 b5 4 142350
11 b6 4 142350
11 b7 4 0
11 b8 4 -763877
11 b9 4 0
11 ba 4 536871
11 bb 4 1073741824
11 bc 4 500
11 bd 4 -500
11 be 4 3000
11 bf 4 2500
11 c1 4 200
11 c2 2 1
11 c3 2 0
11 c4 4 20480
19 02 4 2043
1d 40 4 -713
1d 41 2 1
1d 42 2 0
21 00 4 -1
21 03 4 1000
21 09 2 6
21 0a 4 1
21 0d 4 6100
21 0e 4 8000
21 0f 4 2000
25 0a 2 0
29 00 2 0
29 0a 2 1
11 04 4 1024000
11 05 4 1500
11 06 4 0
11 07 4 0
11 12 4 -5097
11 13 4 908
11 14 4 17899
11 15 4 -17899
11 16 4 0
11 17 4 1000
11 25 4 0
11 26 4 0
11 27 4 0
11 28 4 0
11 36 2 6
11 3b 4 0
11 40 4 0
11 41 4 0
11 42 4 0
11 43 4 0
11 44 4 0
11 45 4 0
11 4f 2 1000
11 50 4 1073741824
11 51 4 0
11 52 4 0
11 53 4 0
11 54 4 0
11 5d 4 200
11 5e 2 1
11 6c 4 0
11 72 4 0
11 73 4 0
11 74 4 321699
11 76 4 -3052
11 81 4 0
11 82 4 90000
11 83 4 85000
11 85 4 -17899
11 8d 2 1
11 8e 4 -30
11 90 2 1
11 91 4 1
11 92 4 3145728
11 93 4 44560286
11 94 4 422302659
11 96 4 843654290
11 97 4 21474836
11 9e 4 643398
11 9f 4 -512
11 a0 4 -30
11 a1 4 0
11 a8 4 429496730
11 a9 4 429496730
11 aa 4 429496730
11 ab 4 0
11 b1 4 329556951
11 c0 4 -2500
19 14 4 5
19 17 4 5317
1d 0e 4 -2216149
1d 0f 2 1
1d 10 2 0
21 08 2 0
21 10 2 100
21 11 2 50
21 12 2 0
21 13 2 16
25 00 2 0
11 08 4 0
11 18 2 1
11 19 2 500
11 1a 2 1
11 1b 2 1000
11 1c 4 -25631134
11 37 4 -12304175
11 38 4 0
11 39 4 0
11 3a 4 0
11 4a 4 0
11 4b 4 0
11 4c 2 0
11 4d 4 34952533
11 4e 2 1
11 87 4 17899
11 ad 4 205
11 ae 4 1024
11 af 4 307200
11 b0 2 1
21 04 4 4000
21 05 4 1000
21 06 2 225
21 07 2 50
