# Intera CONFIG register writes for node 2 (hw 0x10), from boot captures of the original robot
# module reg size value
05 00 2 0
05 01 2 0
05 02 4 1
05 19 4 2548
05 1a 4 20
05 1d 4 17978
05 32 2 0
05 4b 4 2021
05 4c 4 20
05 4d 4 -485068436
11 09 4 -50
11 0a 4 0
11 0b 4 90000
11 0c 4 0
11 0d 4 1024000
11 17 4 16000
11 18 2 1
11 19 2 100
11 1a 2 0
11 1b 2 0
11 1c 4 -844300768
11 1d 4 0
11 1e 4 90000
11 1f 4 85000
11 21 4 -17899
11 23 4 17899
11 29 2 1
11 2a 4 -15
11 2c 2 1
11 2d 4 2
11 2e 4 4194304
11 35 4 17213423
11 36 2 16
11 37 4 10804527
11 38 4 0
11 3a 4 643398
11 3b 4 -512
11 3c 4 -15
11 3d 4 0
11 3e 4 0
11 44 4 429496730
11 45 4 429496730
11 46 4 429496730
11 47 4 0
11 48 4 102
11 4e 2 -1
11 4f 2 200
11 50 4 536870912
11 51 4 1935
11 52 4 3871
11 53 4 1935
11 54 4 -241249
11 55 4 -799585
11 56 4 536871
11 57 4 1073741824
11 58 4 500
11 59 4 -500
11 5a 4 6000
11 5b 4 2500
11 5c 4 -2500
11 5d 4 200
11 5e 2 -1
11 5f 2 1
11 60 4 20480
11 65 4 -512
11 66 4 0
11 67 4 -2048
11 68 4 1024000
11 69 4 40000
11 6a 4 6000
11 6f 4 50000
11 70 4 0
11 71 4 384000
11 72 4 0
11 73 4 0
11 74 4 321699
11 79 4 -40000
11 7f 2 0
11 80 4 -485068436
11 81 4 0
11 82 4 50000
11 83 4 40000
11 85 4 -17899
11 87 4 17899
11 88 4 8724153
11 89 4 0
11 8a 4 0
11 90 2 1
11 97 4 42949673
11 98 4 6000
11 99 4 57042534
11 9a 2 12
11 9b 4 9395240
11 9c 4 0
11 9d 4 0
11 9e 4 321699
11 9f 4 -358
11 a0 4 -154
11 a1 4 0
11 a2 4 0
11 a3 4 0
11 a4 4 0
11 ab 4 0
11 ac 4 102
11 ad 4 205
11 ae 4 1024
11 af 4 307200
11 b0 2 1
11 b1 4 330699899
11 b2 2 -1
11 b3 2 200
11 b4 4 536870912
11 ba 4 536871
11 bb 4 1073741824
11 bc 4 500
11 bd 4 -500
11 be 4 4000
11 c3 2 1
11 c4 4 20480
19 00 4 2051
19 02 4 2027
19 08 2 5
19 0b 4 5082
1d 10 2 0
1d 40 4 -5579
1d 41 2 1
1d 42 2 0
21 00 4 1
21 03 4 6100
21 04 4 8000
21 05 4 2000
21 06 2 100
21 07 2 50
21 08 2 0
21 09 2 16
21 0a 4 1
21 0d 4 6000
21 0e 4 8000
21 0f 4 2000
21 10 2 250
21 11 2 50
21 12 2 0
21 13 2 12
25 00 2 0
05 1c 2 0
05 4e 2 0
05 4f 4 12310
11 01 4 -600
11 02 4 0
11 03 4 -2048
11 04 4 409600
11 05 4 85000
11 06 4 8000
11 07 4 -8000
11 16 4 1
11 24 4 9395241
11 25 4 0
11 26 4 0
11 27 4 643398
11 28 4 -512
11 34 4 8000
11 39 4 0
11 3f 4 0
11 40 4 0
11 41 4 300
11 43 4 1067299373
11 4c 2 1
11 4d 4 431709225
11 6b 4 -6000
11 6c 4 0
11 6e 4 0
11 75 4 7710
11 76 4 -3045
11 78 4 40000
11 7a 4 1
11 7b 4 4000
11 7c 2 1
11 8d 2 1
11 94 4 422302659
11 96 4 846604130
11 a5 4 300
11 a6 4 -300
11 a7 4 1067299373
11 a8 4 697932186
11 a9 4 697932186
11 aa 4 697932186
11 b5 4 142350
11 b6 4 142350
11 b7 4 0
11 b8 4 -763877
11 b9 4 0
11 c1 4 200
11 c2 2 1
1d 0e 4 -785839
1d 0f 2 1
25 0a 2 0
29 00 2 1
29 0a 2 0
11 08 4 0
11 13 4 2276
11 14 4 85000
11 15 4 -85000
11 2f 4 44713831
11 30 4 422302659
11 32 4 843654290
11 33 4 21474836
11 6d 4 -150
11 7d 2 100
11 7e 2 0
11 8b 4 321699
11 8c 4 -358
11 8e 4 -154
11 91 4 3
11 92 4 2621440
11 93 4 39967892
11 bf 4 2500
11 c0 4 -2500
19 14 4 5
19 17 4 2078
