# Intera CONFIG register writes for node 4 (hw 0x20), from boot captures of the original robot
# module reg size value
11 09 4 256
11 0a 4 0
11 0b 4 99999
11 0c 4 0
11 0e 4 0
11 0f 4 0
11 10 4 321699
11 11 4 842
11 12 4 -2978
11 13 4 2978
11 14 4 9000
11 15 4 -9000
11 16 4 2
11 18 2 1
11 19 2 100
11 1a 2 0
11 1b 2 0
11 1c 4 -317768692
11 24 4 -7516191
11 25 4 0
11 26 4 0
11 27 4 643398
11 28 4 350
11 29 2 1
11 2a 4 205
11 2c 2 1
11 2d 4 6
11 2e 4 2621440
11 2f 4 -33506114
11 30 4 422302659
11 32 4 770293048
11 33 4 10737418
11 34 4 4000
11 3a 4 1930195
11 3b 4 1070
11 3c 4 205
11 3d 4 0
11 3e 4 0
11 44 4 751619277
11 45 4 751619277
11 46 4 751619277
11 47 4 0
11 48 4 102
11 4e 2 1
11 4f 2 200
11 50 4 536870912
11 51 4 142350
11 52 4 142350
11 58 4 500
11 59 4 -500
11 5a 4 4000
11 5b 4 0
11 5c 4 0
11 66 4 0
11 67 4 2048
11 68 4 512000
11 69 4 9000
11 6a 4 4000
11 6f 4 99999
11 75 4 842
11 76 4 -4714
11 77 4 4714
11 78 4 9000
11 79 4 -9000
11 7a 4 2
11 7b 4 400
11 7c 2 1
11 7d 2 100
11 7e 2 0
11 7f 2 0
11 80 4 -317768692
11 81 4 0
11 82 4 99999
11 83 4 9000
11 85 4 -17899
11 87 4 17899
11 88 4 -5905582
11 89 4 0
11 8a 4 0
11 8b 4 965097
11 8c 4 350
11 8d 2 1
11 8e 4 205
11 96 4 770293048
11 97 4 107374182
11 98 4 4000
11 99 4 66391806
11 a5 4 300
11 a6 4 -300
11 a7 4 1067299373
11 a8 4 751619277
11 a9 4 751619277
11 b9 4 0
11 ba 4 536871
11 bb 4 26843545
11 bc 4 500
11 bd 4 -500
11 c3 2 0
11 c4 4 20480
19 00 4 2155
19 02 4 2046
19 08 2 5
1d 10 2 0
1d 40 4 -8717
1d 41 2 1
1d 42 2 1
1d 43 2 0
21 07 2 50
21 08 2 0
21 09 2 12
21 0a 4 -1
21 0d 4 3500
21 13 2 12
25 00 2 0
25 0a 2 0
29 00 2 0
29 0a 2 0
05 1a 4 20
05 1b 4 -317768692
05 1c 2 0
05 1d 4 -6672
05 32 2 0
05 4b 4 538
05 4c 4 20
05 4d 4 -317768692
05 4e 2 0
05 4f 4 -5060
11 01 4 650
11 02 4 0
11 03 4 2048
11 04 4 1024000
11 05 4 9000
11 06 4 4000
11 07 4 -4000
11 08 4 0
11 0d 4 102400
11 1d 4 0
11 1e 4 99999
11 1f 4 9000
11 21 4 -17899
11 23 4 17899
11 35 4 50264465
11 36 2 12
11 37 4 -7730941
11 40 4 -200
11 41 4 300
11 42 4 -300
11 43 4 1067299373
11 53 4 0
11 54 4 -763877
11 55 4 0
11 56 4 536871
11 57 4 26843545
11 5f 2 0
11 60 4 20480
11 65 4 512
11 6b 4 -4000
11 6c 4 0
11 6d 4 256
11 6e 4 0
11 70 4 0
11 71 4 128000
11 72 4 0
11 73 4 0
11 74 4 643398
11 9a 2 12
11 9b 4 -5368709
11 9c 4 0
11 9d 4 0
11 a3 4 250
11 aa 4 751619277
11 ab 4 0
11 ac 4 102
11 ad 4 205
11 ae 4 1024
11 af 4 307200
11 b0 2 1
11 b6 4 142350
11 be 4 3000
11 bf 4 0
11 c0 4 0
11 c1 4 200
11 c2 2 1
1d 0e 4 -5339
1d 0f 2 1
21 00 4 -1
21 03 4 4000
21 04 4 8000
21 05 4 2000
21 06 2 225
21 0e 4 8000
21 0f 4 1000
21 10 2 225
21 11 2 50
21 12 2 0
11 17 4 400
11 38 4 5
11 39 4 0
11 4c 2 1
11 4d 4 216646287
11 90 2 1
11 91 4 6
11 92 4 0
11 93 4 -25079388
11 94 4 422302659
11 9e 4 965097
11 9f 4 350
11 b1 4 216646287
11 b2 2 1
11 b3 2 200
19 0b 4 651
19 14 4 5
19 17 4 651
